"","1","2","3","4","5","6","7","8","9","10","11","12","13","14","15","16","17","18","19","20","21","22"
"1",1792,3376,4851,0,13061,181,6855,561,1114,222,278,1072,128,0,241,101,6,144,130,103,0,1394
"2",0,0,0,0,0,0,0,0,0,0,0,0,0,0,0,0,0,0,0,0,0,0
"3",0,0,0,0,0,0,0,0,0,0,0,0,0,0,0,0,0,0,0,0,0,0
"4",0,0,0,0,929,11,139,28,27,5,5,24,4,0,4,4,0,4,3,2,0,24
"5",0,0,0,0,316,11,87,18,20,4,6,15,2,0,5,2,0,2,4,2,0,21
"6",0,0,0,0,0,19,63,18,15,4,4,13,2,0,4,2,0,2,2,1,0,20
"7",0,0,0,0,0,0,70,30,20,4,4,10,2,0,3,1,0,1,1,1,0,13
"8",0,0,0,0,0,0,0,107,297,97,115,697,66,0,120,47,5,66,53,75,0,1222
"9",0,0,0,0,0,0,0,0,442,56,145,390,37,0,53,21,1,29,39,19,0,223
"10",0,0,0,0,0,0,0,0,0,76,207,862,44,0,94,33,2,37,21,25,0,347
"11",0,0,0,0,0,0,0,0,0,0,24,151,35,0,35,14,0,12,8,7,0,84
"12",0,0,0,0,0,0,0,0,0,0,0,110,187,0,101,28,2,25,18,17,0,191
"13",0,0,0,0,0,0,0,0,0,0,0,0,969,0,1073,227,5,143,74,67,0,737
"14",0,0,0,0,0,0,0,0,0,0,0,0,0,0,758,147,1,89,40,38,0,339
"15",0,0,0,0,0,0,0,0,0,0,0,0,0,0,279,64,1,70,20,13,0,105
"16",0,0,0,0,0,0,0,0,0,0,0,0,0,0,0,86,16,181,55,57,0,449
"17",0,0,0,0,0,0,0,0,0,0,0,0,0,0,0,0,29,44,29,41,0,333
"18",0,0,0,0,0,0,0,0,0,0,0,0,0,0,0,0,0,937,392,322,0,2869
"19",0,0,0,0,0,0,0,0,0,0,0,0,0,0,0,0,0,0,77,168,0,1095
"20",0,0,0,0,0,0,0,0,0,0,0,0,0,0,0,0,0,0,0,306,0,1869
"21",0,0,0,0,0,0,0,0,0,0,0,0,0,0,0,0,0,0,0,0,0,39
"22",0,0,0,0,0,0,0,0,0,0,0,0,0,0,0,0,0,0,0,0,0,1297
