"","1","2","3","4","5","6","7","8","9","10","11","12","13","14","15","16","17","18","19","20","21","22"
"1",0.65,1.55,1.55,0,4.15,6.05,7.55,8.15,9.1,10.7,11.25,11.95,12.95,0,15.15,17.05,17.45,18.35,20.75,22.8,0,24.4
"2",0,1.55,1.55,0,4.15,6.05,7.55,8.15,9.1,10.7,11.25,11.95,12.95,0,15.15,17.05,17.45,18.35,20.75,22.8,0,24.4
"3",0,0,0,0,0,0,0,0,0,0,0,0,0,0,0,0,0,0,0,0,0,0
"4",0,0,0,0,2.75,4.6,6.1,6.75,7.7,9.3,9.85,10.55,11.5,0,13.75,15.65,16.05,16.9,19.35,21.35,0,23
"5",0,0,0,0,1,2.85,4.35,5,5.95,7.5,8.1,8.8,9.75,0,11.95,13.85,14.3,15.15,17.6,19.6,0,21.25
"6",0,0,0,0,0,2.15,3.65,4.3,5.2,6.8,7.35,8.05,9.05,0,11.25,13.15,13.6,14.45,16.9,18.9,0,20.5
"7",0,0,0,0,0,0,1.6,2.25,3.2,4.75,5.35,6.05,7,0,9.2,11.1,11.55,12.4,14.85,16.85,0,18.5
"8",0,0,0,0,0,0,0,0.55,1.5,3.05,3.65,4.35,5.3,0,7.5,9.45,9.85,10.7,13.15,15.15,0,16.8
"9",0,0,0,0,0,0,0,0,1.2,2.75,3.35,4.05,5,0,7.2,9.1,9.55,10.4,12.85,14.85,0,16.5
"10",0,0,0,0,0,0,0,0,0,1.7,2.25,2.95,3.95,0,6.15,8.05,8.5,9.35,11.8,13.8,0,15.4
"11",0,0,0,0,0,0,0,0,0,0,0.7,1.4,2.4,0,4.6,6.5,6.9,7.75,10.2,12.2,0,13.85
"12",0,0,0,0,0,0,0,0,0,0,0,0.8,1.8,0,4,5.9,6.35,7.2,9.65,11.65,0,13.25
"13",0,0,0,0,0,0,0,0,0,0,0,0,1.25,0,3.45,5.35,5.8,6.65,9.1,11.1,0,12.75
"14",0,0,0,0,0,0,0,0,0,0,0,0,0,0,2.3,4.2,4.65,5.5,7.95,9.95,0,11.55
"15",0,0,0,0,0,0,0,0,0,0,0,0,0,0,0.85,2.75,3.15,4.05,6.45,8.45,0,10.1
"16",0,0,0,0,0,0,0,0,0,0,0,0,0,0,0,2,2.45,3.3,5.75,7.75,0,9.35
"17",0,0,0,0,0,0,0,0,0,0,0,0,0,0,0,0,0.6,1.5,3.9,5.9,0,7.55
"18",0,0,0,0,0,0,0,0,0,0,0,0,0,0,0,0,0,1.05,3.5,5.5,0,7.15
"19",0,0,0,0,0,0,0,0,0,0,0,0,0,0,0,0,0,0,2.6,4.6,0,6.25
"20",0,0,0,0,0,0,0,0,0,0,0,0,0,0,0,0,0,0,0,2.15,0,3.8
"21",0,0,0,0,0,0,0,0,0,0,0,0,0,0,0,0,0,0,0,0,0,2.05
"22",0,0,0,0,0,0,0,0,0,0,0,0,0,0,0,0,0,0,0,0,0,1.75
