"","1","2","3","4","5","6","7","8","9","10","11","12","13","14","15","16","17","18","19","20","21","22"
"1",1164.8,5232.8,7519.05,0,54203.15,1095.05,51755.25,4572.15,10137.4,2375.4,3127.5,12810.4,1657.6,0,3651.15,1722.05,104.7,2642.4,2697.5,2348.4,0,34013.6
"2",0,0,0,0,0,0,0,0,0,0,0,0,0,0,0,0,0,0,0,0,0,0
"3",0,0,0,0,0,0,0,0,0,0,0,0,0,0,0,0,0,0,0,0,0,0
"4",0,0,0,0,2554.75,50.6,847.9,189,207.9,46.5,49.25,253.2,46,0,55,62.6,0,67.6,58.05,42.7,0,552
"5",0,0,0,0,316,31.35,378.45,90,119,30,48.6,132,19.5,0,59.75,27.7,0,30.3,70.4,39.2,0,446.25
"6",0,0,0,0,0,40.85,229.95,77.4,78,27.2,29.4,104.65,18.1,0,45,26.3,0,28.9,33.8,18.9,0,410
"7",0,0,0,0,0,0,112,67.5,64,19,21.4,60.5,14,0,27.6,11.1,0,12.4,14.85,16.85,0,240.5
"8",0,0,0,0,0,0,0,58.85,445.5,295.85,419.75,3031.95,349.8,0,900,444.15,49.25,706.2,696.95,1136.25,0,20529.6
"9",0,0,0,0,0,0,0,0,530.4,154,485.75,1579.5,185,0,381.6,191.1,9.55,301.6,501.15,282.15,0,3679.5
"10",0,0,0,0,0,0,0,0,0,129.2,465.75,2542.9,173.8,0,578.1,265.65,17,345.95,247.8,345,0,5343.8
"11",0,0,0,0,0,0,0,0,0,0,16.8,211.4,84,0,161,91,0,93,81.6,85.4,0,1163.4
"12",0,0,0,0,0,0,0,0,0,0,0,88,336.6,0,404,165.2,12.7,180,173.7,198.05,0,2530.75
"13",0,0,0,0,0,0,0,0,0,0,0,0,1211.25,0,3701.85,1214.45,29,950.95,673.4,743.7,0,9396.75
"14",0,0,0,0,0,0,0,0,0,0,0,0,0,0,1743.4,617.4,4.65,489.5,318,378.1,0,3915.45
"15",0,0,0,0,0,0,0,0,0,0,0,0,0,0,237.15,176,3.15,283.5,129,109.85,0,1060.5
"16",0,0,0,0,0,0,0,0,0,0,0,0,0,0,0,172,39.2,597.3,316.25,441.75,0,4198.15
"17",0,0,0,0,0,0,0,0,0,0,0,0,0,0,0,0,17.4,66,113.1,241.9,0,2514.15
"18",0,0,0,0,0,0,0,0,0,0,0,0,0,0,0,0,0,983.85,1372,1771,0,20513.35
"19",0,0,0,0,0,0,0,0,0,0,0,0,0,0,0,0,0,0,200.2,772.8,0,6843.75
"20",0,0,0,0,0,0,0,0,0,0,0,0,0,0,0,0,0,0,0,657.9,0,7102.2
"21",0,0,0,0,0,0,0,0,0,0,0,0,0,0,0,0,0,0,0,0,0,79.95
"22",0,0,0,0,0,0,0,0,0,0,0,0,0,0,0,0,0,0,0,0,0,2269.75
